-1.5708 0.
-1.55 0.03
-1.53 0.07
-1.51 0.09
-1.49 0.13
-1.47 0.15
-1.45 0.19
-1.43 0.21
-1.41 0.25
-1.39 0.27
-1.37 0.31
-1.35 0.33
-1.33 0.37
-1.31 0.39
-1.29 0.43
-1.27 0.45
-1.25 0.49
-1.23 0.51
-1.21 0.53
-1.19 0.57
-1.17 0.59
-1.15 0.63
-1.13 0.65
-1.11 0.67
-1.09 0.71
-1.07 0.73
-1.05 0.75
-1.03 0.79
-1.01 0.81
-0.99 0.83
-0.97 0.85
-0.95 0.89
-0.93 0.91
-0.91 0.93
-0.89 0.95
-0.87 0.97
-0.85 0.99
-0.83 1.03
-0.81 1.05
-0.79 1.07
-0.77 1.09
-0.75 1.13
-0.73 1.15
-0.71 1.19
-0.69 1.21
-0.67 1.25
-0.65 1.27
-0.63 1.31
-0.61 1.33
-0.59 1.39
-0.57 1.45
-0.55 1.53
-0.53 1.59
-0.51 1.65
-0.49 1.71
-0.47 1.77
-0.45 1.83
-0.43 1.91
-0.41 1.97
-0.39 2.03
-0.37 2.09
-0.35 2.13
-0.33 2.19
-0.31 2.25
-0.29 2.31
-0.27 2.37
-0.25 2.41
-0.23 2.47
-0.21 2.53
-0.19 2.57
-0.17 2.63
-0.15 2.67
-0.13 2.73
-0.11 2.77
-0.09 2.81
-0.07 2.85
-0.05 2.91
-0.03 2.95
-0.01 2.99
0.01 3.03
0.03 3.07
0.05 3.11
0.07 3.13
0.09 3.17
0.11 3.21
0.13 3.23
0.15 3.27
0.17 3.31
0.19 3.33
0.21 3.35
0.23 3.39
0.25 3.41
0.27 3.43
0.29 3.45
0.31 3.47
0.33 3.49
0.35 3.51
0.37 3.53
0.39 3.55
0.41 3.55
0.43 3.57
0.45 3.57
0.47 3.59
0.49 3.59
0.51 3.61
0.53 3.61
0.55 3.61
0.57 3.61
0.59 3.61
0.61 3.61
0.63 3.61
0.65 3.61
0.67 3.59
0.69 3.59
0.71 3.59
0.73 3.57
0.75 3.57
0.77 3.55
0.79 3.53
0.81 3.53
0.83 3.51
0.85 3.49
0.87 3.47
0.89 3.45
0.91 3.43
0.93 3.41
0.95 3.37
0.97 3.35
0.99 3.33
1.01 3.29
1.03 3.27
1.05 3.23
1.07 3.21
1.09 3.17
1.11 3.13
1.13 3.09
1.15 3.05
1.17 3.01
1.19 2.97
1.21 2.93
1.23 2.89
1.25 2.85
1.27 2.81
1.29 2.75
1.31 2.71
1.33 2.67
1.35 2.61
1.37 2.57
1.39 2.51
1.41 2.47
1.43 2.41
1.45 2.35
1.47 2.29
1.49 2.25
1.51 2.19
1.53 2.13
1.55 2.07
1.57 2.01
1.59 1.97
1.61 1.95
1.63 1.91
1.65 1.89
1.67 1.85
1.69 1.81
1.71 1.79
1.73 1.75
1.75 1.71
1.77 1.67
1.79 1.63
1.81 1.59
1.83 1.55
1.85 1.51
1.87 1.47
1.89 1.43
1.91 1.39
1.93 1.35
1.95 1.31
1.97 1.27
1.99 1.23
2.01 1.19
2.03 1.13
2.05 1.09
2.07 1.05
2.09 1.01
2.11 0.95
2.13 0.91
2.15 0.87
2.17 0.81
2.19 0.77
2.21 0.71
2.23 0.67
2.25 0.63
2.27 0.59
2.29 0.57
2.31 0.55
2.33 0.51
2.35 0.49
2.37 0.45
2.39 0.43
2.41 0.39
2.43 0.37
2.45 0.35
2.47 0.31
2.49 0.29
2.51 0.25
2.53 0.23
2.55 0.19
2.57 0.17
2.59 0.13
2.61 0.11
2.63 0.07
2.65 0.05
2.67 0.03
2.69 0.01
2.71 0.
2.73 0.
2.75 0.
2.77 0.
2.79 0.
