1.5708 0.68
1.58 0.8
1.59 0.89
1.60 0.94
1.61 0.98
1.62 1.
1.63 1.02
1.64 1.04
1.65 1.055
1.66 1.058
1.67 1.067
1.68 1.073
1.69 1.078
1.7 1.082
1.71 1.084
1.72 1.086
1.73 1.086
1.74 1.086
1.75 1.086
1.76 1.084
1.77 1.082
1.78 1.08
1.79 1.076
1.81 1.069
1.82 1.064
1.83 1.059
1.84 1.054
1.85 1.048
1.86 1.042
1.87 1.036
1.88 1.029
1.89 1.022
1.90 1.015
1.91 1.007
1.92 0.999
1.93 0.991
1.94 0.982
1.95 0.974
1.96 0.965
1.97 0.955
1.98 0.946
1.99 0.936
2.00 0.926
2.01 0.916
2.02 0.906
2.03 0.895
2.04 0.884
2.05 0.873
2.06 0.862
2.07 0.85
2.08 0.838
2.09 0.826
2.10 0.814
2.11 0.802
2.12 0.789
2.13 0.777
2.14 0.764
2.15 0.75
2.16 0.737
2.17 0.725
2.18 0.71
2.19 0.696
2.20 0.676
2.21 0.654
2.22 0.631
2.23 0.607
2.24 0.582
2.25 0.556
2.26 0.529
2.27 0.501
2.28 0.471
2.29 0.439
2.30 0.405
2.31 0.368
2.32 0.326
2.33 0.278
2.34 0.219
2.35 0.136
2.37 0.0
2.39 0.0
