-1.5708 0
-1.56 0.014
-1.55 0.026
-1.54 0.038
-1.53 0.051
-1.52 0.063
-1.51 0.075
-1.5 0.088
-1.49 0.1
-1.48 0.112
-1.47 0.125
-1.46 0.137
-1.45 0.15
-1.44 0.162
-1.43 0.174
-1.42 0.187
-1.41 0.199
-1.4 0.212
-1.39 0.224
-1.38 0.237
-1.37 0.249
-1.36 0.262
-1.35 0.274
-1.34 0.287
-1.33 0.299
-1.32 0.312
-1.31 0.324
-1.3 0.336
-1.29 0.349
-1.28 0.361
-1.27 0.374
-1.26 0.386
-1.25 0.399
-1.24 0.411
-1.23 0.423
-1.22 0.436
-1.21 0.448
-1.2 0.461
-1.19 0.473
-1.18 0.485
-1.17 0.498
-1.16 0.51
-1.15 0.523
-1.14 0.535
-1.13 0.547
-1.12 0.56
-1.11 0.572
-1.1 0.584
-1.09 0.597
-1.08 0.609
-1.07 0.621
-1.06 0.633
-1.05 0.646
-1.04 0.658
-1.03 0.67
-1.02 0.685
-1.019 0.687
-1.01 0.701
-1 0.717
-0.99 0.733
-0.98 0.749
-0.97 0.765
-0.96 0.781
-0.95 0.797
-0.94 0.813
-0.93 0.83
-0.92 0.846
-0.91 0.862
-0.9 0.879
-0.89 0.895
-0.88 0.911
-0.87 0.927
-0.86 0.943
-0.85 0.96
-0.84 0.976
-0.83 0.992
-0.82 1.007
-0.81 1.023
-0.8 1.039
-0.79 1.054
-0.77 1.09
